0.000000000000000000e+00 1.943585952024399488e-01
1.000000000000000000e+00 1.955292809646377306e-01
2.000000000000000000e+00 1.973279385491888138e-01
3.000000000000000000e+00 2.014714283171376574e-01
4.000000000000000000e+00 2.039073322439541036e-01
5.000000000000000000e+00 2.056074726790808049e-01
6.000000000000000000e+00 2.075663503892494488e-01
7.000000000000000000e+00 2.104807081271351521e-01
8.000000000000000000e+00 2.140113041506909453e-01
9.000000000000000000e+00 2.177840705072846550e-01
1.000000000000000000e+01 2.203567464360512429e-01
1.100000000000000000e+01 2.229830025618650957e-01
1.200000000000000000e+01 2.273349962083341946e-01
1.300000000000000000e+01 2.330252706878564450e-01
1.400000000000000000e+01 2.397823019566111546e-01
1.500000000000000000e+01 2.459775197272757175e-01
1.600000000000000000e+01 2.522361195362806674e-01
1.700000000000000000e+01 2.586943395228187281e-01
1.800000000000000000e+01 2.656984964292888884e-01
1.900000000000000000e+01 2.724474704916113876e-01
2.000000000000000000e+01 2.783177416374688629e-01
2.100000000000000000e+01 2.832198180352333283e-01
2.200000000000000000e+01 2.882382615353834554e-01
2.300000000000000000e+01 2.922088737550498361e-01
2.400000000000000000e+01 2.961244914648346049e-01
2.500000000000000000e+01 3.009657023616142402e-01
2.600000000000000000e+01 3.064886024842957135e-01
2.700000000000000000e+01 3.131291299578027321e-01
2.800000000000000000e+01 3.206453355694317553e-01
2.900000000000000000e+01 3.273406833939317417e-01
3.000000000000000000e+01 3.344082140412009685e-01
3.100000000000000000e+01 3.441838921097152282e-01
3.200000000000000000e+01 3.528242975290524219e-01
3.300000000000000000e+01 3.594903226217248671e-01
3.400000000000000000e+01 3.660612872792914918e-01
3.500000000000000000e+01 3.751746992861318408e-01
3.600000000000000000e+01 3.828757537211388007e-01
3.700000000000000000e+01 3.903075277658332176e-01
3.800000000000000000e+01 3.996477382525359112e-01
3.900000000000000000e+01 4.085445410647683961e-01
4.000000000000000000e+01 4.152948865687181024e-01
4.100000000000000000e+01 4.220208782811793458e-01
4.200000000000000000e+01 4.275265014738443559e-01
4.300000000000000000e+01 4.342773724822905912e-01
4.400000000000000000e+01 4.451882159222059765e-01
4.500000000000000000e+01 4.529683842489055645e-01
4.600000000000000000e+01 4.590640042727691106e-01
4.700000000000000000e+01 4.650744258603602965e-01
4.800000000000000000e+01 4.705892532950273766e-01
4.900000000000000000e+01 4.757535672958786988e-01
5.000000000000000000e+01 4.799114969320995572e-01
5.100000000000000000e+01 4.828219932530423142e-01
5.200000000000000000e+01 4.849824567180165968e-01
5.300000000000000000e+01 4.866653308451152071e-01
5.400000000000000000e+01 4.874439793284666145e-01
5.500000000000000000e+01 4.875682416676905828e-01
5.600000000000000000e+01 4.868248764426647002e-01
5.700000000000000000e+01 4.858663666576052975e-01
5.800000000000000000e+01 4.845668025942017065e-01
5.900000000000000000e+01 4.827792292886371461e-01
6.000000000000000000e+01 4.809375119074408289e-01
6.100000000000000000e+01 4.790437407335932929e-01
6.200000000000000000e+01 4.771405036652488496e-01
6.300000000000000000e+01 4.752485384445002126e-01
6.400000000000000000e+01 4.735261814304911887e-01
6.500000000000000000e+01 4.720220036326652213e-01
6.600000000000000000e+01 4.707446337615102117e-01
6.700000000000000000e+01 4.697769979984357525e-01
6.800000000000000000e+01 4.688839248266002402e-01
6.900000000000000000e+01 4.684074080134820184e-01
7.000000000000000000e+01 4.682350808025576017e-01
7.100000000000000000e+01 4.685051755702577259e-01
7.200000000000000000e+01 4.693270443244316747e-01
7.300000000000000000e+01 4.704535147422384544e-01
7.400000000000000000e+01 4.716581369410978164e-01
7.500000000000000000e+01 4.731494189636782366e-01
7.600000000000000000e+01 4.749081308980327987e-01
7.700000000000000000e+01 4.768724335747452914e-01
7.800000000000000000e+01 4.789700818561219431e-01
7.900000000000000000e+01 4.817972213937907755e-01
8.000000000000000000e+01 4.851480399176265612e-01
8.100000000000000000e+01 4.873633893204259993e-01
8.200000000000000000e+01 4.892538379266001547e-01
8.300000000000000000e+01 4.915103849884901455e-01
8.400000000000000000e+01 4.937344317353710710e-01
8.500000000000000000e+01 4.955085985810150362e-01
8.600000000000000000e+01 4.969775874079910283e-01
8.700000000000000000e+01 4.983576291341708098e-01
8.800000000000000000e+01 4.993932961328947928e-01
8.900000000000000000e+01 5.000652171875129559e-01
9.000000000000000000e+01 5.003895493656452809e-01
9.100000000000000000e+01 5.005232704083335538e-01
9.200000000000000000e+01 5.004992055660797412e-01
9.300000000000000000e+01 5.003089255199525409e-01
9.400000000000000000e+01 4.999012663432975678e-01
9.500000000000000000e+01 4.993512310200866611e-01
9.600000000000000000e+01 4.986425073908201666e-01
9.700000000000000000e+01 4.976098220811526751e-01
9.800000000000000000e+01 4.967049018649875580e-01
9.900000000000000000e+01 4.958502257226376497e-01
1.000000000000000000e+02 4.947439803065075137e-01
1.010000000000000000e+02 4.937222551461655229e-01
1.020000000000000000e+02 4.930702187254955016e-01
1.030000000000000000e+02 4.927493976549365828e-01
1.040000000000000000e+02 4.927993695709158573e-01
1.050000000000000000e+02 4.932524633567823003e-01
1.060000000000000000e+02 4.941223225004940933e-01
1.070000000000000000e+02 4.953238542708032766e-01
1.080000000000000000e+02 4.970727289162256701e-01
1.090000000000000000e+02 4.996003195273040487e-01
1.100000000000000000e+02 5.030168154269230030e-01
1.110000000000000000e+02 5.068997610108948448e-01
1.120000000000000000e+02 5.113087700196669028e-01
1.130000000000000000e+02 5.163594896593333150e-01
1.140000000000000000e+02 5.220842140449780677e-01
1.150000000000000000e+02 5.292528412199462018e-01
1.160000000000000000e+02 5.370080875911072971e-01
1.170000000000000000e+02 5.443743886633380935e-01
1.180000000000000000e+02 5.520065926664352585e-01
1.190000000000000000e+02 5.598455904047072718e-01
1.200000000000000000e+02 5.676378035449434201e-01
1.210000000000000000e+02 5.751934010627988147e-01
1.220000000000000000e+02 5.823404470902446839e-01
1.230000000000000000e+02 5.888696573065186346e-01
1.240000000000000000e+02 5.946554189762169873e-01
1.250000000000000000e+02 5.997213519247950320e-01
1.260000000000000000e+02 6.035777754550321061e-01
1.270000000000000000e+02 6.065110389357153409e-01
1.280000000000000000e+02 6.091648737002979264e-01
1.290000000000000000e+02 6.104968237881474025e-01
1.300000000000000000e+02 6.105743418266802447e-01
1.310000000000000000e+02 6.098681608158709189e-01
1.320000000000000000e+02 6.079377514159907125e-01
1.330000000000000000e+02 6.049693581198731795e-01
1.340000000000000000e+02 6.009370882079718701e-01
1.350000000000000000e+02 5.960332334772793228e-01
1.360000000000000000e+02 5.903762261363006969e-01
1.370000000000000000e+02 5.844515549800051168e-01
1.380000000000000000e+02 5.785854931652771871e-01
1.390000000000000000e+02 5.720507503253738912e-01
1.400000000000000000e+02 5.649936373796426992e-01
1.410000000000000000e+02 5.586289855503566715e-01
1.420000000000000000e+02 5.527349281916499324e-01
1.430000000000000000e+02 5.457743944666848535e-01
1.440000000000000000e+02 5.388646687299614157e-01
1.450000000000000000e+02 5.337780059960643975e-01
1.460000000000000000e+02 5.290512020222339906e-01
1.470000000000000000e+02 5.240873181393568281e-01
1.480000000000000000e+02 5.197050048691327362e-01
1.490000000000000000e+02 5.161864410695163885e-01
1.500000000000000000e+02 5.129922907878745608e-01
1.510000000000000000e+02 5.102998938142038199e-01
1.520000000000000000e+02 5.079292838691866763e-01
1.530000000000000000e+02 5.058597501733106405e-01
1.540000000000000000e+02 5.044745449573626583e-01
1.550000000000000000e+02 5.035861634298551825e-01
1.560000000000000000e+02 5.030227471013672957e-01
1.570000000000000000e+02 5.029186897225501607e-01
1.580000000000000000e+02 5.030551984398533572e-01
1.590000000000000000e+02 5.033686880010826981e-01
1.600000000000000000e+02 5.040081224506212099e-01
1.610000000000000000e+02 5.049288235277952230e-01
1.620000000000000000e+02 5.059339016932211663e-01
1.630000000000000000e+02 5.071532713593105424e-01
1.640000000000000000e+02 5.088121744491914678e-01
1.650000000000000000e+02 5.100609910863334040e-01
1.660000000000000000e+02 5.112671649347798608e-01
1.670000000000000000e+02 5.124452872386815461e-01
1.680000000000000000e+02 5.135549230281586386e-01
1.690000000000000000e+02 5.145060778523007361e-01
1.700000000000000000e+02 5.152626299691307477e-01
1.710000000000000000e+02 5.157589449548977134e-01
1.720000000000000000e+02 5.160161852405971139e-01
1.730000000000000000e+02 5.161346194468541260e-01
1.740000000000000000e+02 5.160237483904323019e-01
1.750000000000000000e+02 5.157358074566882333e-01
1.760000000000000000e+02 5.153526246237202235e-01
1.770000000000000000e+02 5.148989970625917900e-01
1.780000000000000000e+02 5.144179143497720208e-01
1.790000000000000000e+02 5.139601917167830880e-01
1.800000000000000000e+02 5.135716228640938574e-01
1.810000000000000000e+02 5.132551304720703866e-01
1.820000000000000000e+02 5.130363842059424417e-01
1.830000000000000000e+02 5.129741281562483213e-01
1.840000000000000000e+02 5.130796387633214106e-01
1.850000000000000000e+02 5.133255410531121221e-01
1.860000000000000000e+02 5.137129168465204287e-01
1.870000000000000000e+02 5.142519502883272642e-01
1.880000000000000000e+02 5.153503743111242930e-01
1.890000000000000000e+02 5.164094201625114566e-01
1.900000000000000000e+02 5.174948322713933679e-01
1.910000000000000000e+02 5.187299311701198956e-01
1.920000000000000000e+02 5.202926511387790942e-01
1.930000000000000000e+02 5.221013234897037281e-01
1.940000000000000000e+02 5.238468524402787319e-01
1.950000000000000000e+02 5.258897785885876530e-01
1.960000000000000000e+02 5.286620363477239071e-01
1.970000000000000000e+02 5.314196461263833715e-01
1.980000000000000000e+02 5.342082183454355260e-01
1.990000000000000000e+02 5.369580304543056792e-01
2.000000000000000000e+02 5.398620337535462443e-01
2.010000000000000000e+02 5.435398779860827201e-01
2.020000000000000000e+02 5.473137180849031447e-01
2.030000000000000000e+02 5.508329910710576538e-01
2.040000000000000000e+02 5.550358559347404741e-01
2.050000000000000000e+02 5.596239665013669207e-01
2.060000000000000000e+02 5.638984493039196355e-01
2.070000000000000000e+02 5.682782311405576436e-01
2.080000000000000000e+02 5.729316040261226428e-01
2.090000000000000000e+02 5.791094421774929391e-01
2.100000000000000000e+02 5.841094287445302013e-01
2.110000000000000000e+02 5.892853761720482364e-01
2.120000000000000000e+02 5.946607873082576656e-01
2.130000000000000000e+02 6.001609929096011209e-01
2.140000000000000000e+02 6.062647833571371825e-01
2.150000000000000000e+02 6.130936437042227016e-01
2.160000000000000000e+02 6.195036014580336259e-01
2.170000000000000000e+02 6.255098566344932109e-01
2.180000000000000000e+02 6.315774029949997592e-01
2.190000000000000000e+02 6.377186785816342240e-01
2.200000000000000000e+02 6.447204195313693820e-01
2.210000000000000000e+02 6.519529612441610222e-01
2.220000000000000000e+02 6.573307780407906531e-01
2.230000000000000000e+02 6.625190010987868083e-01
2.240000000000000000e+02 6.696602085142858707e-01
2.250000000000000000e+02 6.765893729346842411e-01
2.260000000000000000e+02 6.825599313124768308e-01
2.270000000000000000e+02 6.883538961587279958e-01
2.280000000000000000e+02 6.938679417792379400e-01
2.290000000000000000e+02 6.990907481760236797e-01
2.300000000000000000e+02 7.039935625061128910e-01
2.310000000000000000e+02 7.084429453755231032e-01
2.320000000000000000e+02 7.123999904021870444e-01
2.330000000000000000e+02 7.159783124049400316e-01
2.340000000000000000e+02 7.188547561039386746e-01
2.350000000000000000e+02 7.211144342802825458e-01
2.360000000000000000e+02 7.227848415947165650e-01
2.370000000000000000e+02 7.236788517442362956e-01
2.380000000000000000e+02 7.239822077734803241e-01
2.390000000000000000e+02 7.237654177806372990e-01
2.400000000000000000e+02 7.226966703310914175e-01
2.410000000000000000e+02 7.209921738259648105e-01
2.420000000000000000e+02 7.187950676451950738e-01
2.430000000000000000e+02 7.167788560875851811e-01
2.440000000000000000e+02 7.142071531119598138e-01
2.450000000000000000e+02 7.109924868853763069e-01
2.460000000000000000e+02 7.074930490220305845e-01
2.470000000000000000e+02 7.037271921855288159e-01
2.480000000000000000e+02 6.999356115912755971e-01
2.490000000000000000e+02 6.960370923617504868e-01
